Global.showPopupBars=true
eclipse.preferences.version=1
print.page.height=11.692913385826772
print.page.width=8.267716535433072
